123456
123456789
111111
12345678
000000
11111111
123123
123321
5201314
00000000
dearbook
666666
888888
1234567890
1234567
654321
88888888
121212
123123123
789456
woaini
112233
1314520
131313
7758521
555666
111222
a123456
999999
123654
980099
1
147258369
333333
987654321
520520
123
147258
100200
zxcvbnm
aaaaaa
abc123
222222
111222tianya
110110
iloveyou
323232
0
789456123
123456a
31415926
393041123
1111111
1qaz2wsx
5211314
tangkai
qwqwqw
qazwsx
111111111
555555
7758258
1111111111
456123
qwerty
password
zzzzzz
qqqqqq
159357
11223344
7777777
qq123456
123qwe
521521
123698745
123456abc
qwertyuiop
778899
1q2w3e4r
dedewang
66666666
aaaaaaaa
666888
qyahzn
asdfghjkl
456789
a123456789
asdfasdf
123789
123654789
1314521
101010
abc123456
abcd1234
201314
777777
0123456789
12344321
159753
168168
12345